function mpc = wzlsx

%% MATPOWER Case Format : Version 2
mpc.version = '2';

%%-----  Power Flow Data  -----%%
%% system MVA base
mpc.baseMVA = 100;

%% bus data
%	bus_i	type	Pd	Qd	Gs	Bs	area	Vm	Va	baseKV	zone	Vmax	Vmin
mpc.bus = [     
1	1	-711	-202	0	-210	1	0.97	0	800	1	1.1	0.9
2	1	-711	-202	0	-210	1	1	0	800	1	1.1	0.9
3	1	-787	-220	0	-240	1	1	0	800	1	1.1	0.9
4	1	-787	-220	0	-240	1	1	0	800	1	1.1	0.9
5	2	0	0	0	0	1	1	0	10.5	1	1.1	0.9
6	2	0	0	0	0	1	1	0	10.5	1	1.1	0.9
7	2	0	0	0	0	1	1	0	10.5	1	1.1	0.9
8	2	0	0	0	0	1	1	0	10.5	1	1.1	0.9
9	2	0	0	0	0	1	1	0	10.5	1	1.1	0.9
10	1	70	35	0	0	1	1	0	121	1	1.1	0.9
11	2	0	0	0	0	1	1	0	13.8	1	1.1	0.9
12	1	168	93	0	0	1	1	0	121	1	1.1	0.9
13	2	0	0	0	0	1	1	0	13.8	1	1.1	0.9
14	2	0	0	0	0	1	1	0	13.8	1	1.1	0.9
15	2	0	0	0	0	1	1	0	13.8	1	1.1	0.9
16	1	0	0	0	-60	1	1	0	363	1	1.1	0.9
17	1	0	0	0	0	1	1	0	1	1	1.1	0.9
18	1	0	0	0	0	1	1	0	10.5	1	1.1	0.9
19	2	0	0	0	0	1	1	0	10.5	1	1.1	0.9
20	2	0	0	0	0	1	1	0	10.5	1	1.1	0.9
21	2	0	0	0	0	1	1	0	10.5	1	1.1	0.9
22	1	0	0	0	0	1	1	0	363	1	1.1	0.9
23	2	0	0	0	0	1	1	0	13.8	1	1.1	0.9
24	2	0	0	0	0	1	1	0	13.8	1	1.1	0.9
25	2	0	0	0	0	1	1	0	13.8	1	1.1	0.9
26	2	0	0	0	0	1	1	0	13.8	1	1.1	0.9
27	2	0	0	0	0	1	1	0	13.8	1	1.1	0.9
28	2	0	0	0	0	1	1	0	13.8	1	1.1	0.9
29	1	0	0	0	0	1	1	0	121	1	1.1	0.9
30	2	22	10	0	0	1	1	0	10.5	1	1.1	0.9
31	2	22	10	0	0	1	1	0	10.5	1	1.1	0.9
32	1	0	0	0	0	1	1	0	121	1	1.1	0.9
33	2	60	29	0	0	1	1	0	20	1	1.1	0.9
34	2	60	29	0	0	1	1	0	20	1	1.1	0.9
35	1	0	0	0	0	1	1	0	363	1	1.1	0.9
36	2	0	0	0	0	1	1	0	10.5	1	1.1	0.9
37	2	0	0	0	0	1	1	0	10.5	1	1.1	0.9
38	1	0	0	0	0	1	1	0	121	1	1.1	0.9
39	2	28	14	0	0	1	1	0	20	1	1.1	0.9
40	2	28	14	0	0	1	1	0	20	1	1.1	0.9
41	1	0	0	0	0	1	1	0	363	1	1.1	0.9
42	2	28	14	0	0	1	1	0	20	1	1.1	0.9
43	2	28	14	0	0	1	1	0	20	1	1.1	0.9
44	1	0	0	0	0	1	1	0	363	1	1.1	0.9
45	2	25	12	0	0	1	1.02	0	18	1	1.1	0.9
46	2	25	12	0	0	1	1.02	0	18	1	1.1	0.9
47	2	25	12	0	0	1	1.02	0	20	1	1.1	0.9
48	2	25	12	0	0	1	1.02	0	20	1	1.1	0.9
49	1	0	0	0	0	1	1	0	363	1	1.1	0.9
50	2	17	8	0	0	1	1	0	20	1	1.1	0.9
51	2	17	8	0	0	1	1	0	20	1	1.1	0.9
52	1	0	0	0	0	1	1	0	363	1	1.1	0.9
53	2	44	21	0	0	1	1	0	22	1	1.1	0.9
54	2	44	21	0	0	1	1	0	22	1	1.1	0.9
55	1	0	0	0	0	1	1	0	800	1	1.1	0.9
56	1	0	0	0	-180	1	1	0	800	1	1.1	0.9
57	1	0	0	0	0	1	1	0	800	1	1.1	0.9
58	1	0	0	0	-180	1	1	0	800	1	1.1	0.9
59	1	0	0	0	0	1	1	0	800	1	1.1	0.9
60	2	30	15	0	0	1	1	0	20	1	1.1	0.9
61	2	30	15	0	0	1	1	0	20	1	1.1	0.9
62	1	0	0	0	0	1	1	0	363	1	1.1	0.9
63	2	28	14	0	0	1	1	0	20	1	1.1	0.9
64	2	28	14	0	0	1	1	0	20	1	1.1	0.9
65	1	0	0	0	0	1	1	0	363	1	1.1	0.9
66	2	25	12	0	0	1	0.98	0	20	1	1.1	0.9
67	2	25	12	0	0	1	0.98	0	20	1	1.1	0.9
68	2	25	12	0	0	1	0.98	0	20	1	1.1	0.9
69	2	25	12	0	0	1	0.98	0	20	1	1.1	0.9
70	1	0	0	0	0	1	1	0	363	1	1.1	0.9
71	3	46	22	0	0	1	1	0	22	1	1.1	0.9
72	2	46	22	0	0	1	1	0	22	1	1.1	0.9
73	1	0	0	0	0	1	1	0	800	1	1.1	0.9
74	1	0	0	0	0	1	1	0	800	1	1.1	0.9
75	1	0	0	0	0	1	1	0	800	1	1.1	0.9
76	2	46	22	0	0	1	1	0	22	1	1.1	0.9
77	1	0	0	0	0	1	1	0	800	1	1.1	0.9
78	1	0	0	0	0	1	1	0	800	1	1.1	0.9
79	1	0	0	0	0	1	1	0	800	1	1.1	0.9
80	1	0	0	0	0	1	1	0	363	1	1.1	0.9
81	2	46	22	0	0	1	1	0	22	1	1.1	0.9
82	2	30	14	0	0	1	1	0	20	1	1.1	0.9
83	2	30	14	0	0	1	1	0	20	1	1.1	0.9
84	2	28	13	0	0	1	1	0	24	1	1.1	0.9
85	2	28	13	0	0	1	1	0	24	1	1.1	0.9
86	1	0	0	0	0	1	1	0	363	1	1.1	0.9
87	2	46	22	0	0	1	1	0	20	1	1.1	0.9
88	2	46	22	0	0	1	1	0	20	1	1.1	0.9
89	1	0	0	0	0	1	1	0	363	1	1.1	0.9
90	2	42	20	0	0	1	1	0	20	1	1.1	0.9
91	2	42	20	0	0	1	1	0	20	1	1.1	0.9
92	1	0	0	0	-60	1	1	0	363	1	1.1	0.9
93	2	42	20	0	0	1	1	0	22	1	1.1	0.9
94	2	42	20	0	0	1	1	0	22	1	1.1	0.9
95	1	0	0	0	-120	1	1	0	363	1	1.1	0.9
96	2	30	15	0	0	1	1	0	20	1	1.1	0.9
97	1	0	0	0	0	1	1	0	363	1	1.1	0.9
98	2	42	20	0	0	1	1	0	22	1	1.1	0.9
99	2	42	20	0	0	1	1	0	22	1	1.1	0.9
100	1	0	0	0	0	1	1	0	363	1	1.1	0.9
101	2	28	13	0	0	1	1	0	24	1	1.1	0.9
102	2	28	13	0	0	1	1	0	24	1	1.1	0.9
103	1	0	0	0	0	1	1	0	363	1	1.1	0.9
104	2	25	12	0	0	1	1	0	20	1	1.1	0.9
105	2	25	12	0	0	1	1	0	20	1	1.1	0.9
106	1	0	0	0	0	1	1	0	363	1	1.1	0.9
107	2	30	15	0	0	1	1	0	20	1	1.1	0.9
108	1	0	0	0	0	1	1	0	363	1	1.1	0.9
109	2	25	12	0	0	1	1	0	20	1	1.1	0.9
110	2	25	12	0	0	1	1	0	20	1	1.1	0.9
111	1	0	0	0	0	1	1	0	363	1	1.1	0.9
112	2	25	12	0	0	1	1	0	20	1	1.1	0.9
113	2	25	12	0	0	1	1	0	20	1	1.1	0.9
114	1	0	0	0	0	1	1	0	363	1	1.1	0.9
115	2	16	7	0	0	1	1	0	13.8	1	1.1	0.9
116	2	16	7	0	0	1	1	0	13.8	1	1.1	0.9
117	1	0	0	0	0	1	1	0	121	1	1.1	0.9
118	2	13	6	0	0	1	1	0	10.5	1	1.1	0.9
119	2	13	6	0	0	1	1	0	10.5	1	1.1	0.9
120	1	0	0	0	0	1	1	0	121	1	1.1	0.9
121	2	46	22	0	0	1	0.98	0	22	1	1.1	0.9
122	2	46	22	0	0	1	0.98	0	22	1	1.1	0.9
123	1	0	0	0	0	1	1	0	800	1	1.1	0.9
124	1	0	0	0	0	1	1	0	800	1	1.1	0.9
125	1	0	0	0	0	1	1	0	800	1	1.1	0.9
126	2	46	22	0	0	1	1	0	22	1	1.1	0.9
127	2	46	22	0	0	1	1	0	22	1	1.1	0.9
128	1	0	0	0	0	1	1	0	800	1	1.1	0.9
129	1	0	0	0	-360	1	1	0	800	1	1.1	0.9
130	2	0	0	0	0	1	1	0	0.69	1	1.1	0.9
131	1	0	0	0	0	1	1	0	35	1	1.1	0.9
132	1	0	0	0	0	1	1	0	121	1	1.1	0.9
133	2	0	0	0	0	1	1	0	0.69	1	1.1	0.9
134	1	0	0	0	0	1	1	0	35	1	1.1	0.9
135	1	0	0	0	0	1	1	0	121	1	1.1	0.9
136	2	0	0	0	0	1	1	0	0.69	1	1.1	0.9
137	1	0	0	0	0	1	1	0	35	1	1.1	0.9
138	1	0	0	0	0	1	1	0	121	1	1.1	0.9
139	2	0	0	0	0	1	1	0	0.69	1	1.1	0.9
140	1	0	0	0	0	1	1	0	35	1	1.1	0.9
141	1	0	0	0	0	1	1	0	121	1	1.1	0.9
142	2	0	0	0	0	1	1	0	0.69	1	1.1	0.9
143	1	0	0	0	0	1	1	0	35	1	1.1	0.9
144	1	0	0	0	0	1	1	0	121	1	1.1	0.9
145	1	-75	0	0	0	1	1	0	0.4	1	1.1	0.9
146	1	0	0	0	0	1	1	0	10.5	1	1.1	0.9
147	1	-75	0	0	0	1	1	0	0.4	1	1.1	0.9
148	1	0	0	0	0	1	1	0	10.5	1	1.1	0.9
149	1	-75	0	0	0	1	1	0	0.4	1	1.1	0.9
150	1	0	0	0	0	1	1	0	10.5	1	1.1	0.9
151	1	0	0	0	0	1	1	0	121	1	1.1	0.9
152	1	-200	0	0	0	1	1	0	363	1	1.1	0.9
153	1	-200	0	0	0	1	1	0	363	1	1.1	0.9
154	2	3000	0	0	4578	1	0.973	0	363	1	1.1	0.9
155	2	1110	0	0	1802	1	0.982	0	363	1	1.1	0.9
156	1	0	0	0	0	1	0.98	0	800	1	1.1	0.9
157	1	0	0	0	0	1	1	0	363	1	1.1	0.9
158	1	0	0	0	360	1	1	0	66	1	1.1	0.9
159	1	0	0	0	0	1	1	0	1	1	1.1	0.9
160	1	0	0	0	0	1	1	0	1	1	1.1	0.9
161	1	0	0	0	0	1	1	0	1	1	1.1	0.9
162	1	0	0	0	0	1	0.98	0	800	1	1.1	0.9
163	1	0	0	0	0	1	1	0	363	1	1.1	0.9
164	1	0	0	0	240	1	1	0	66	1	1.1	0.9
165	1	0	0	0	0	1	1	0	1	1	1.1	0.9
166	1	0	0	0	0	1	1	0	1	1	1.1	0.9
167	1	0	0	0	0	1	0.98	0	800	1	1.1	0.9
168	1	0	0	0	0	1	1	0	363	1	1.1	0.9
169	1	0	0	0	120	1	1	0	66	1	1.1	0.9
170	1	0	0	0	0	1	1	0	1	1	1.1	0.9
171	1	0	0	0	0	1	1	0	1	1	1.1	0.9
172	1	0	0	0	0	1	0.98	0	800	1	1.1	0.9
173	1	0	0	0	0	1	1	0	363	1	1.1	0.9
174	1	0	0	0	240	1	1	0	66	1	1.1	0.9
175	1	0	0	0	0	1	1	0	1	1	1.1	0.9
176	1	0	0	0	0	1	1	0	1	1	1.1	0.9
177	1	0	0	0	0	1	0.98	0	800	1	1.1	0.9
178	1	0	0	0	0	1	1	0	363	1	1.1	0.9
179	1	0	0	0	0	1	1	0	66	1	1.1	0.9
180	1	0	0	0	0	1	1	0	1	1	1.1	0.9
181	1	0	0	0	0	1	0.99	0	800	1	1.1	0.9
182	1	0	0	0	0	1	1	0	363	1	1.1	0.9
183	1	0	0	0	0	1	1	0	66	1	1.1	0.9
184	1	0	0	0	0	1	1	0	1	1	1.1	0.9
185	1	0	0	0	0	1	1	0	1	1	1.1	0.9
186	1	0	0	0	20	1	1	0	35	1	1.1	0.9
187	1	0	0	0	20	1	1	0	35	1	1.1	0.9
188	1	0	0	0	20	1	1	0	35	1	1.1	0.9
189	1	441	213	0	0	1	1	0	121	1	1.1	0.9
190	1	0	0	0	0	1	1	0	363	1	1.1	0.9
191	1	0	0	0	0	1	1	0	1	1	1.1	0.9
192	1	0	0	0	0	1	1	0	1	1	1.1	0.9
193	1	0	0	0	0	1	1	0	1	1	1.1	0.9
194	1	713	344	0	0	1	1	0	121	1	1.1	0.9
195	1	0	0	0	0	1	1	0	363	1	1.1	0.9
196	1	0	0	0	0	1	1	0	1	1	1.1	0.9
197	1	0	0	0	60	1	1	0	35	1	1.1	0.9
198	1	0	0	0	0	1	1	0	1	1	1.1	0.9
199	1	0	0	0	60	1	1	0	35	1	1.1	0.9
200	1	0	0	0	0	1	1	0	1	1	1.1	0.9
201	1	0	0	0	60	1	1	0	35	1	1.1	0.9
202	1	475	229	0	0	1	1	0	121	1	1.1	0.9
203	1	0	0	0	0	1	1	0	363	1	1.1	0.9
204	1	0	0	0	0	1	1	0	1	1	1.1	0.9
205	1	0	0	0	60	1	1	0	35	1	1.1	0.9
206	1	0	0	0	0	1	1	0	1	1	1.1	0.9
207	1	0	0	0	60	1	1	0	35	1	1.1	0.9
208	1	0	0	0	0	1	1	0	1	1	1.1	0.9
209	1	0	0	0	60	1	1	0	35	1	1.1	0.9
210	1	0	0	0	0	1	1	0	363	1	1.1	0.9
211	1	764	368	0	0	1	1	0	121	1	1.1	0.9
212	1	0	0	0	0	1	1	0	1	1	1.1	0.9
213	1	0	0	0	40	1	1	0	35	1	1.1	0.9
214	1	0	0	0	0	1	1	0	1	1	1.1	0.9
215	1	0	0	0	40	1	1	0	35	1	1.1	0.9
216	1	0	0	0	0	1	1	0	1	1	1.1	0.9
217	1	0	0	0	40	1	1	0	35	1	1.1	0.9
218	1	765	364	0	0	1	1	0	121	1	1.1	0.9
219	1	0	0	0	0	1	0.95	0	363	1	1.1	0.9
220	1	0	0	0	0	1	1	0	1	1	1.1	0.9
221	1	0	0	0	90	1	1	0	35	1	1.1	0.9
222	1	0	0	0	0	1	1	0	1	1	1.1	0.9
223	1	0	0	0	90	1	1	0	35	1	1.1	0.9
224	1	0	0	0	0	1	1	0	1	1	1.1	0.9
225	1	0	0	0	90	1	1	0	35	1	1.1	0.9
